17
NULL 0 NULL 0
Joined 0 0,255,0,255,0,0,0,0,0,0 NULL 0 0 0 	# Joined [4a 6f 69 6e 65 64 ]
|Broken|0|1 0 0,255,0,255,0,0,0,0,0,0 NULL 0 0 0 	# Broken
B 5 0,255,0,255,0,0,0,0,0,0 NULL -1 0 0 	# B [42 ]A
E 5 0,255,0,255,0,0,0,0,0,0 NULL -1 0 0 	# E [45 ]A
D 5 0,255,0,255,0,0,0,0,0,0 NULL -1 0 0 	# D [44 ]A
O 5 0,255,0,255,0,0,0,0,0,0 NULL -1 0 0 	# O [4f ]A
A 5 0,255,0,255,0,0,0,0,0,0 NULL -1 0 0 	# A [41 ]A
G 5 0,255,0,255,0,0,0,0,0,0 NULL -1 0 0 	# G [47 ]A
F 5 0,255,0,255,0,0,0,0,0,0 NULL -1 0 0 	# F [46 ]A
C 5 0,255,0,255,0,0,0,0,0,0 NULL -1 0 0 	# C [43 ]A
H 5 0,255,0,255,0,0,0,0,0,0 NULL -1 0 0 	# H [48 ]A
P 5 0,255,0,255,0,0,0,0,0,0 NULL -1 0 0 	# P [50 ]A
T 5 0,255,0,255,0,0,0,0,0,0 NULL -1 0 0 	# T [54 ]A
M 5 0,255,0,255,0,0,0,0,0,0 NULL -1 0 0 	# M [4d ]A
Q 5 0,255,0,255,0,0,0,0,0,0 NULL -1 0 0 	# Q [51 ]A
N 5 0,255,0,255,0,0,0,0,0,0 NULL -1 0 0 	# N [4e ]A
